0 0.25961538461538464 0.9170673076923077 0.483974358974359 0.15865384615384615
0 0.04487179487179487 0.7572115384615384 0.08974358974358974 0.15384615384615385
0 0.8381410256410257 0.7355769230769231 0.2916666666666667 0.1778846153846154
0 0.12179487179487179 0.6237980769230769 0.24358974358974358 0.16105769230769232
0 0.14583333333333334 0.25240384615384615 0.27564102564102566 0.16105769230769232
0 0.4775641025641026 0.7043269230769231 0.47115384615384615 0.14903846153846154
0 0.3317307692307692 0.5384615384615384 0.47435897435897434 0.16826923076923078
0 0.02564102564102564 0.4206730769230769 0.04807692307692308 0.057692307692307696
0 0.8733974358974359 0.07091346153846154 0.2403846153846154 0.13221153846153846
0 0.2387820512820513 0.10576923076923077 0.44871794871794873 0.18269230769230768
0 0.5993589743589743 0.10336538461538461 0.47435897435897434 0.15144230769230768
0 0.5016025641025641 0.4735576923076923 0.41346153846153844 0.15625
0 0.27884615384615385 0.3545673076923077 0.40064102564102566 0.14903846153846154
0 0.34134615384615385 0.8040865384615384 0.4807692307692308 0.16105769230769232
0 0.7307692307692307 0.3641826923076923 0.46794871794871795 0.21634615384615385
0 0.969551282051282 0.2608173076923077 0.04807692307692308 0.10336538461538461
0 0.9198717948717948 0.5204326923076923 0.15064102564102563 0.0889423076923077