0 0.2770700636942675 0.9074519230769231 0.44904458598726116 0.15625
0 0.06528662420382166 0.7524038461538461 0.1305732484076433 0.14423076923076922
0 0.8312101910828026 0.7415865384615384 0.2961783439490446 0.17067307692307693
0 0.13535031847133758 0.6274038461538461 0.27070063694267515 0.15384615384615385
0 0.16401273885350318 0.2848557692307692 0.3089171974522293 0.15625
0 0.4856687898089172 0.7091346153846154 0.4394904458598726 0.14423076923076922
0 0.3535031847133758 0.5540865384615384 0.4426751592356688 0.16105769230769232
0 0.04777070063694268 0.4387019230769231 0.09235668789808917 0.057692307692307696
0 0.8710191082802548 0.1141826923076923 0.23885350318471338 0.15144230769230768
0 0.2515923566878981 0.14783653846153846 0.46496815286624205 0.1778846153846154
0 0.24363057324840764 0.03485576923076923 0.42356687898089174 0.06971153846153846
0 0.6098726114649682 0.1502403846153846 0.4426751592356688 0.1466346153846154
0 0.5127388535031847 0.4963942307692308 0.3853503184713376 0.15144230769230768
0 0.3073248407643312 0.38221153846153844 0.37579617834394907 0.14423076923076922
0 0.35828025477707004 0.8004807692307693 0.445859872611465 0.15625
0 0.7277070063694268 0.3954326923076923 0.43630573248407645 0.20673076923076922
0 0.9585987261146497 0.30288461538461536 0.06369426751592357 0.09615384615384616
0 0.9044585987261147 0.5444711538461539 0.15286624203821655 0.08173076923076923