0 0.6314102564102564 0.9459134615384616 0.4358974358974359 0.10336538461538461
0 0.8894230769230769 0.8401442307692307 0.1794871794871795 0.14182692307692307
0 0.1330128205128205 0.7728365384615384 0.266025641025641 0.1658653846153846
0 0.8317307692307693 0.7163461538461539 0.3108974358974359 0.15384615384615385
0 0.8365384615384616 0.38461538461538464 0.32051282051282054 0.15384615384615385
0 0.4583333333333333 0.765625 0.4230769230769231 0.13942307692307693
0 0.6073717948717948 0.6274038461538461 0.42948717948717946 0.15625
0 0.9326923076923077 0.5432692307692307 0.125 0.0625
0 0.15064102564102563 0.16346153846153846 0.25961538461538464 0.14423076923076922
0 0.7580128205128205 0.24519230769230768 0.4519230769230769 0.17067307692307693
0 0.28205128205128205 0.04447115384615385 0.3974358974358974 0.0889423076923077
0 0.7868589743589743 0.0889423076923077 0.4198717948717949 0.17307692307692307
0 0.41346153846153844 0.22235576923076922 0.42948717948717946 0.14182692307692307
0 0.4599358974358974 0.5588942307692307 0.375 0.1466346153846154
0 0.6730769230769231 0.4639423076923077 0.36538461538461536 0.13942307692307693
0 0.5705128205128205 0.8641826923076923 0.4326923076923077 0.15144230769230768
0 0.266025641025641 0.44711538461538464 0.4230769230769231 0.19951923076923078
0 0.049679487179487176 0.33774038461538464 0.07692307692307693 0.0889423076923077
0 0.07692307692307693 0.5745192307692307 0.15064102564102563 0.07932692307692307