0 0.7194244604316546 0.0673076923076923 0.3597122302158273 0.1346153846153846
0 0.802158273381295 0.4326923076923077 0.35251798561151076 0.16346153846153846
0 0.20323741007194246 0.9867788461538461 0.21223021582733814 0.021634615384615384
0 0.8507194244604317 0.8088942307692307 0.2841726618705036 0.17067307692307693
0 0.06294964028776978 0.11177884615384616 0.12589928057553956 0.13221153846153846
0 0.17086330935251798 0.8653846153846154 0.2158273381294964 0.125
0 0.13129496402877697 0.6826923076923077 0.21942446043165467 0.14182692307692307
0 0.10251798561151079 0.4879807692307692 0.20503597122302158 0.1346153846153846
0 0.8273381294964028 0.6237980769230769 0.33093525179856115 0.17067307692307693
0 0.7607913669064749 0.23798076923076922 0.35611510791366907 0.15865384615384615
0 0.08093525179856115 0.3016826923076923 0.1618705035971223 0.12740384615384615
0 0.8669064748201439 0.9447115384615384 0.2517985611510791 0.07211538461538461