0 0.6924460431654677 0.06009615384615385 0.3273381294964029 0.1201923076923077
0 0.7643884892086331 0.39302884615384615 0.32014388489208634 0.15144230769230768
0 0.20863309352517986 0.9459134615384616 0.23741007194244604 0.10336538461538461
0 0.8381294964028777 0.7391826923076923 0.30935251798561153 0.15625
0 0.07194244604316546 0.09975961538461539 0.14388489208633093 0.12259615384615384
0 0.17625899280575538 0.7896634615384616 0.2158273381294964 0.11298076923076923
0 0.13129496402877697 0.6237980769230769 0.24100719424460432 0.1346153846153846
0 0.10971223021582734 0.44471153846153844 0.21942446043165467 0.125
0 0.802158273381295 0.5685096153846154 0.3273381294964029 0.15384615384615385
0 0.7266187050359713 0.21394230769230768 0.3237410071942446 0.1466346153846154
0 0.08992805755395683 0.27524038461538464 0.17985611510791366 0.12259615384615384
0 0.8507194244604317 0.9038461538461539 0.2841726618705036 0.15384615384615385