0 0.18411552346570398 0.09134615384615384 0.30324909747292417 0.1201923076923077
0 0.18050541516245489 0.4423076923076923 0.30324909747292417 0.125
0 0.855595667870036 0.9471153846153846 0.21660649819494585 0.0985576923076923
0 0.16606498194945848 0.7956730769230769 0.3249097472924188 0.12740384615384615
0 0.855595667870036 0.08173076923076923 0.20577617328519857 0.10096153846153846
0 0.855595667870036 0.7836538461538461 0.19855595667870035 0.0985576923076923
0 0.8664259927797834 0.6129807692307693 0.22382671480144403 0.11298076923076923
0 0.8664259927797834 0.43028846153846156 0.22743682310469315 0.10336538461538461
0 0.18050541516245489 0.6201923076923077 0.30324909747292417 0.12740384615384615
0 0.18050541516245489 0.2620192307692308 0.30324909747292417 0.1201923076923077
0 0.8664259927797834 0.25961538461538464 0.22382671480144403 0.0985576923076923
0 0.16967509025270758 0.9495192307692307 0.3249097472924188 0.09375