0 0.234375 0.11224489795918367 0.3004807692307692 0.22448979591836735
0 0.5492788461538461 0.13903061224489796 0.34375 0.25
0 0.8485576923076923 0.1875 0.2980769230769231 0.25255102040816324
0 0.8545673076923077 0.39540816326530615 0.2860576923076923 0.2193877551020408
0 0.5084134615384616 0.3673469387755102 0.33413461538461536 0.27040816326530615
0 0.23197115384615385 0.32142857142857145 0.22596153846153846 0.17857142857142858
0 0.1875 0.5803571428571429 0.27163461538461536 0.2729591836734694
0 0.4795673076923077 0.5943877551020408 0.34375 0.2780612244897959
0 0.8245192307692307 0.6364795918367347 0.34375 0.2780612244897959
0 0.6382211538461539 0.860969387755102 0.3870192307692308 0.2729591836734694
0 0.25240384615384615 0.8405612244897959 0.3317307692307692 0.29336734693877553