0 0.5444711538461539 0.6314102564102564 0.22355769230769232 0.3942307692307692
0 0.7283653846153846 0.7323717948717948 0.2403846153846154 0.4775641025641026
0 0.9098557692307693 0.7275641025641025 0.1658653846153846 0.34935897435897434
0 0.30649038461538464 0.657051282051282 0.24519230769230768 0.4551282051282051
0 0.09134615384615384 0.6137820512820513 0.18269230769230768 0.3685897435897436
0 0.05048076923076923 0.27884615384615385 0.08653846153846154 0.1987179487179487
0 0.171875 0.29967948717948717 0.15384615384615385 0.20833333333333334
0 0.3016826923076923 0.3141025641025641 0.11538461538461539 0.19230769230769232
0 0.46875 0.34775641025641024 0.15384615384615385 0.1955128205128205
0 0.6274038461538461 0.3766025641025641 0.11778846153846154 0.1955128205128205
0 0.7932692307692307 0.4182692307692308 0.12740384615384615 0.22115384615384615
0 0.9699519230769231 0.4407051282051282 0.055288461538461536 0.20833333333333334
0 0.9471153846153846 0.16025641025641027 0.10096153846153846 0.20512820512820512
0 0.7259615384615384 0.08653846153846154 0.0985576923076923 0.1282051282051282
0 0.5540865384615384 0.05929487179487179 0.0889423076923077 0.11217948717948718
0 0.36658653846153844 0.0673076923076923 0.10336538461538461 0.1346153846153846
0 0.10336538461538461 0.057692307692307696 0.11538461538461539 0.11538461538461539