0 0.8112980769230769 0.13324873096446702 0.28365384615384615 0.20558375634517767
0 0.4891826923076923 0.1319796954314721 0.3293269230769231 0.21573604060913706
0 0.171875 0.14593908629441624 0.2980769230769231 0.22081218274111675
0 0.14903846153846154 0.35406091370558374 0.27884615384615385 0.19035532994923857
0 0.5072115384615384 0.36548223350253806 0.31971153846153844 0.23857868020304568
0 0.7908653846153846 0.350253807106599 0.21394230769230768 0.1598984771573604
0 0.8100961538461539 0.616751269035533 0.2548076923076923 0.2512690355329949
0 0.5132211538461539 0.5964467005076142 0.3293269230769231 0.24619289340101522
0 0.16346153846153846 0.5989847715736041 0.3269230769230769 0.2436548223350254
0 0.32572115384615385 0.8604060913705583 0.37259615384615385 0.26903553299492383
0 0.7175480769230769 0.8642131979695431 0.31490384615384615 0.2563451776649746