0 0.5889423076923077 0.592948717948718 0.2091346153846154 0.3685897435897436
0 0.7608173076923077 0.6875 0.22596153846153846 0.4519230769230769
0 0.9254807692307693 0.6826923076923077 0.14182692307692307 0.3269230769230769
0 0.36538461538461536 0.6169871794871795 0.23317307692307693 0.42628205128205127
0 0.14423076923076922 0.5721153846153846 0.19951923076923078 0.34294871794871795
0 0.10576923076923077 0.2548076923076923 0.11057692307692307 0.1858974358974359
0 0.23677884615384615 0.27884615384615385 0.14182692307692307 0.19230769230769232
0 0.359375 0.2932692307692308 0.10817307692307693 0.18269230769230768
0 0.5168269230769231 0.32211538461538464 0.14423076923076922 0.18269230769230768
0 0.6658653846153846 0.3525641025641026 0.10817307692307693 0.18269230769230768
0 0.8221153846153846 0.3942307692307692 0.11778846153846154 0.20833333333333334
0 0.9807692307692307 0.41185897435897434 0.03365384615384615 0.1955128205128205
0 0.9591346153846154 0.15064102564102563 0.07692307692307693 0.1858974358974359
0 0.7608173076923077 0.08653846153846154 0.09615384615384616 0.11858974358974358
0 0.5973557692307693 0.057692307692307696 0.0889423076923077 0.10256410256410256
0 0.421875 0.0641025641025641 0.10336538461538461 0.1282051282051282
0 0.17307692307692307 0.05448717948717949 0.11057692307692307 0.10897435897435898