0 0.8389423076923077 0.13131313131313133 0.29086538461538464 0.20454545454545456
0 0.5072115384615384 0.12121212121212122 0.33653846153846156 0.21464646464646464
0 0.18028846153846154 0.12878787878787878 0.30528846153846156 0.2222222222222222
0 0.15144230769230768 0.3434343434343434 0.28365384615384615 0.1919191919191919
0 0.5216346153846154 0.3611111111111111 0.3245192307692308 0.2398989898989899
0 0.8125 0.3484848484848485 0.21875 0.1590909090909091
0 0.8269230769230769 0.6237373737373737 0.25721153846153844 0.25252525252525254
0 0.5216346153846154 0.5984848484848485 0.33413461538461536 0.2474747474747475
0 0.16346153846153846 0.5909090909090909 0.3269230769230769 0.24242424242424243
0 0.3245192307692308 0.8636363636363636 0.375 0.2601010101010101
0 0.7307692307692307 0.8712121212121212 0.31971153846153844 0.24494949494949494