0 0.4375 0.5659163987138264 0.21634615384615385 0.3858520900321543
0 0.25600961538461536 0.662379421221865 0.23557692307692307 0.4662379421221865
0 0.0829326923076923 0.6607717041800643 0.15865384615384615 0.33762057877813506
0 0.6682692307692307 0.5884244372990354 0.2403846153846154 0.4405144694533762
0 0.8954326923076923 0.545016077170418 0.20432692307692307 0.35691318327974275
0 0.9302884615384616 0.2202572347266881 0.11057692307692307 0.20257234726688103
0 0.7980769230769231 0.2395498392282958 0.14903846153846154 0.20257234726688103
0 0.6742788461538461 0.2540192926045016 0.11057692307692307 0.1864951768488746
0 0.5096153846153846 0.2861736334405145 0.14903846153846154 0.19292604501607716
0 0.3545673076923077 0.31511254019292606 0.11538461538461539 0.18971061093247588
0 0.1935096153846154 0.35691318327974275 0.12259615384615384 0.21543408360128619
0 0.025240384615384616 0.37942122186495175 0.05048076923076923 0.2057877813504823
0 0.04807692307692308 0.12861736334405144 0.09615384615384616 0.14790996784565916
0 0.25961538461538464 0.06109324758842444 0.09615384615384616 0.07395498392282958
0 0.4266826923076923 0.03376205787781351 0.08413461538461539 0.06109324758842444
0 0.6105769230769231 0.04019292604501608 0.10096153846153846 0.08038585209003216
0 0.8677884615384616 0.03215434083601286 0.11057692307692307 0.06430868167202572